wineboot.exe:[1;1765874275]&[810;486;300;81]
kitty:[1;1767496724]&[]
.blueman-manager-wrapped:[1;1764346182]&[]
Spotify:[5;1763321493,4;1763321495,1;1763582694,4;1763582726]&[]
thunar:[1;1763386326,2;1767749402]&[]
gnome-tweaks:[1;1767709765]&[1153;411;569;226]
Xdg-desktop-portal-gtk:[5;1765744443]&[459;-7;1002;1094]
org.gnome.Nautilus:[2;1767709271]&[]
Alacritty:[1;1767379517]&[]
pcmanfm:[2;1764170136]&[]
:[5;1763383772]&[113;387;293;30]
winedbg.exe:[1;1765874644]&[]
zoom:[2;1763450781,3;1763450804,2;1763450806,3;1763450808,6;1763450817,3;1763450818,6;1763450820,4;1764055729,3;1764055730,4;1764055731,3;1764055735,4;1764055742,4;1764660677,3;1764835174,3;1764836718,4;1765870217,2;1765870219,3;1765870219,4;1765870225,3;1765870229,2;1765870230,5;1765874032]&[]
.blueman-applet-wrapped:[1;1764346560]&[808;484;304;112]
quickgui:[1;1767714594,3;1768416130,4;1768416261]&[934;414;692;580]
dotnet-runtime-9.0.0-win-x86.exe:[1;1765874507]&[]
Google-chrome:[1;1767710100]&[]
control.exe:[1;1765874277]&[765;449;390;154]
zen:[2;1765981937]&[]
dotnet-runtime-9.0.0-win-x64.exe:[1;1765874510]&[]
bruno:[1;1765668332,2;1765668578,3;1765668579]&[]
org.gnome.tweaks:[1;1767709765]&[]
google-chrome:[3;1763321262,1;1763321319,2;1763321826,1;1763335408,2;1763335415,6;1763450813,2;1763450815,3;1764378000,1;1764440994,2;1764440994,2;1764441041,3;1765722401,2;1765722714,3;1767814988]&[]
org.pulseaudio.pavucontrol:[1;1764346796]&[]
GTK Application:[1;1763477030]&[]
Code:[1;1763331755,3;1763331822]&[]
gcr-prompter:[3;1763388466]&[958;643;643;154]
zen-beta:[1;1765981610,2;1765981612,1;1766276735,2;1766276736,1;1766276782,2;1766276783,1;1766276823,2;1766276825,1;1766276852,2;1766276853,1;1766276859,2;1766276860,1;1766278879,2;1766278880]&[]
discord:[3;1763321269,2;1763321289,5;1763321306,2;1766530074,5;1766530076]&[]
bluetooth-sendto:[1;1764346064]&[]
.qemu-system-x86_64-wrapped:[1;1767714331,3;1767714340]&[]
dev.zed.Zed:[1;1765758610,2;1765758613,1;1765758614,3;1765758620,3;1765758690,1;1765758937,3;1766535645]&[]
xdg-desktop-portal-gtk:[2;1763386023]&[]
com.mitchellh.ghostty:[3;1763321258,1;1763321318,1;1763326622,2;1763582698,1;1763582727,3;1765758982,1;1765759183,2;1766534821,3;1766534822,1;1766535294,3;1766535463,1;1766535559]&[]
Thunar:[1;1767710085]&[]
org.gnome.Calculator:[1;1767650849]&[1513;5;398;616]
